1000000000 5000
106369
326760
50173
148641
240169
268389
141500
1
259037
232881
359725
86123
19137
211513
191329
1
246841
321867
282148
100753
396337
246625
219513
367838
246141
47727
114422
401716
10501
318191
51313
380365
356370
156737
373959
30957
1
86529
1
122473
41881
103629
7873
220937
377222
10829
373133
257494
394361
235989
10841
165925
322505
72884
82941
252913
397481
400297
352438
337337
180887
401039
20929
34704
300675
44861
276417
1515
1
145371
354433
43199
119409
95267
180164
228353
14683
58075
107141
306156
379902
8808
4437
87521
25923
190913
373505
234895
383195
27777
5369
7219
277168
94387
320193
390273
283950
215033
264716
272519
77401
147117
24055
186033
1
264625
257743
409313
168885
19080
97161
61181
32614
1
73239
74601
193289
190168
24737
89631
254729
400846
21699
39769
166609
370274
404716
30341
15892
130921
390157
1
169881
30193
320415
152526
282954
155025
186298
70295
35781
35865
80976
315281
215606
73137
2001
48274
337784
56437
132417
21107
43341
290429
196039
37513
313703
218630
17090
326164
204422
208668
281305
1
409590
284767
47553
77649
302823
98757
80764
29717
101511
247198
307901
82965
90677
316951
105065
52137
4200
408515
243927
385387
279473
414049
30425
18055
121417
1
364737
349883
11359
39399
106001
123163
5499
225997
251677
200093
408497
28257
43545
249063
420191
41251
241329
1
384461
382153
230849
216903
194705
222671
414151
67526
81633
1473
94473
250893
429
61485
217289
137825
330157
105689
69679
16313
240899
38266
246145
29274
220177
385396
1
383704
368774
40555
66365
359712
161241
332161
59389
24875
303250
245435
64705
396933
321153
349073
120193
228207
186112
23705
375217
367380
227621
309874
157433
14337
154625
227389
62450
61581
309242
107277
360509
84945
59469
406419
83247
37369
386433
153851
105781
333139
252021
234377
252323
300661
36554
30301
371465
81813
20745
220520
178449
51625
193001
289243
385161
285953
19925
242441
212529
198315
4281
342985
221209
245791
265471
428241
22955
90209
256766
374809
425667
376721
322793
117028
25163
88169
77728
227779
260833
411141
112659
181390
25654
12197
1464
171041
67893
305433
210994
66303
38491
7819
273672
8464
116125
334033
50208
176913
250193
32630
313697
171253
332961
146237
4442
43299
83729
63887
316626
432284
295557
55769
373601
148382
26316
338867
241461
71592
398005
95906
129497
207098
172874
120579
345319
15537
168623
432629
60787
190043
223362
66913
38845
187134
10317
24210
3361
254820
14031
104321
196529
255105
89945
57837
50513
20855
1
17877
45689
22892
102797
125596
350075
94209
23067
354497
329065
342353
1
280411
116509
360670
187393
40461
91061
197249
357645
17750
92606
49741
442774
27115
330269
17002
304193
65929
225407
236625
25241
373913
744
16287
29235
82809
191096
303125
428609
51545
291967
181137
378529
149581
442369
209875
19245
213362
114573
53551
132437
230309
237577
223913
423785
1
265745
353905
255589
367249
60874
353021
233371
349710
410709
282017
396194
114425
96577
114233
413675
181470
236737
61549
385545
15327
88429
187139
19293
321537
298635
100367
290913
278913
30913
124393
82189
92483
12081
55726
121025
1
13031
1
413921
301021
437050
102467
215873
51889
231930
378483
451197
448321
92017
241061
7825
123941
31333
124059
117017
1
208420
7525
283673
452069
207486
6642
81297
95929
217259
448333
237817
164169
120855
259590
413201
270513
313009
265573
53343
338369
246771
319961
355675
141901
66049
426529
323789
415335
31721
192465
53787
79667
117101
233849
16524
12721
398330
250561
444294
389713
1
94983
1
316149
227426
368437
224831
126755
431985
86398
387273
9541
393731
385865
119415
236189
66345
394684
146001
251191
91856
69479
219269
391018
1944
274917
118041
67315
195993
158247
395645
280801
36099
346185
184024
22915
30155
81786
74897
142703
233605
1
164344
464997
385729
90553
167233
167245
214905
241014
450113
28969
20117
87105
348321
146863
415359
308007
19783
260872
250825
61713
95097
179289
58305
374143
246977
300639
318177
124941
295521
229021
183863
336907
186833
448421
27477
235469
290705
321473
107601
47185
259987
226161
801
298753
460161
6236
236737
285047
266883
54393
452785
252959
158013
387299
350733
71995
8945
92905
366755
14685
300021
300798
265173
92152
370177
148623
363147
471035
51857
180813
236110
443381
386667
112461
448361
94465
366585
36455
336945
89764
113431
332977
444193
1
3132
442345
448095
453332
393487
397061
454833
192021
1
99633
434434
328552
293570
211425
351929
18543
185179
291509
473989
125201
53546
201892
477175
325997
302235
397867
19285
200409
424079
304693
51172
302689
103353
164912
147429
472705
125185
275547
21071
275486
444247
8430
31567
28374
10931
77339
378369
41761
304069
219097
414691
146804
87781
285847
289753
33395
247766
159563
427875
292517
331873
339857
140497
214917
431182
76216
2527
183881
15823
380036
23049
156833
479684
390464
446146
469908
246769
413363
485104
358689
1
478613
53817
111645
309359
336148
255457
275773
46025
464492
239589
165540
57377
128321
291669
8067
449109
221421
333577
38441
126145
281441
63305
214817
324631
457309
221545
287955
375260
344221
1
23500
304929
392801
148373
252625
459918
259985
217901
331117
362361
22345
165857
485601
209505
343359
348421
192073
474937
293838
86937
6394
247058
486419
252509
1535
89801
358999
13735
114743
144969
60157
183084
124028
268828
204133
78714
67697
35367
331169
149577
93623
132861
376517
36901
61901
445185
262513
37993
457869
14761
98161
435035
84641
214099
61068
347329
339910
436850
155693
298949
355848
343617
21467
370766
161965
58427
34289
297963
11957
1
160671
466087
53406
41789
439263
6426
43705
206121
180645
409872
178073
107437
319205
179925
311040
222729
60213
117757
7454
454849
463617
277965
458595
331258
44941
89665
381273
292665
348449
456640
380504
120759
129025
337017
99916
105619
97897
25847
319233
149025
73771
105893
166245
308145
27241
507965
987
299845
98673
36393
173791
315873
102033
320190
98539
73492
203137
199849
113439
252329
413474
138163
22367
39033
311636
45093
169001
32411
356182
126421
515921
87082
125927
460303
51039
200577
161925
47045
73889
149809
271779
330909
13433
190938
135053
247361
378563
47905
2496
124377
372703
284449
367745
168487
371868
452476
165627
448471
21359
400451
49089
264343
213811
198941
104037
93145
321057
151073
398375
447297
500463
45827
298977
440739
447643
88993
262873
87939
68697
40913
327249
376879
3131
474431
44809
517415
499803
70649
21952
1
426493
15301
212033
450113
201569
446337
171727
92465
270859
11169
4398
323601
153601
33836
1
224690
439472
220143
33700
283137
448681
73811
204417
240455
152476
48761
1
55103
236379
243841
482065
150351
1
154655
43329
195586
157633
15873
462149
418977
276407
19868
428257
7621
359205
125777
346913
1
506369
261593
117144
466333
19272
39650
89378
2779
38609
117399
252099
172662
217087
484694
259653
336613
329568
225975
202925
48189
76545
224617
428155
47613
430627
313849
266410
45287
419131
59977
43109
23641
253507
538579
317983
93105
179801
27713
1
163099
116323
321
93441
271493
501981
434753
13905
121729
400601
537722
364528
149492
24746
374593
487221
19964
182209
14892
182076
211505
416881
501596
408027
200422
157661
48769
101273
107343
553093
194897
337009
537104
106097
13577
17715
33811
522445
515619
285014
360313
76529
352180
211137
198681
26073
291009
548457
401409
439972
519235
407561
549108
447815
429543
33807
171785
58665
410591
165173
302785
51675
80865
154248
439965
43313
294985
370759
502430
223341
487233
217568
176577
533901
98105
331883
323873
277056
93193
463785
49252
126854
451833
431393
42145
138449
28092
504871
8305
424303
408770
132648
39177
376313
175993
166073
209313
55649
150659
258681
473857
449673
133935
302585
516333
493441
1
6157
125293
328067
129788
393606
252537
245019
322833
12339
470657
228641
153070
412159
461771
313602
50637
140129
355295
51235
78869
374705
55089
8291
351327
487553
1
1
326230
61319
247255
208641
89751
385419
540805
417707
105263
503609
460901
29712
201765
195569
69521
482627
476153
295252
361073
195541
23861
381862
6527
5549
410815
182226
42911
389697
465283
559456
276001
72721
398880
564993
547563
283583
434353
566497
391921
579175
226895
186958
401729
271789
525611
214423
112889
478063
24321
322885
238873
505187
486205
478593
103705
27497
246697
565441
282924
74007
170259
289537
121537
242953
571757
116157
114053
304385
390049
18339
527370
388911
524539
90705
304581
280578
401205
75308
432374
9275
228437
403878
260725
193561
40385
155242
341690
598137
205995
34691
316975
470056
236132
209537
161238
197722
284820
76737
47833
504717
179885
92501
597957
319769
30210
97681
570953
203279
544098
506622
315987
225599
542349
2041
5040
234414
442881
292032
20571
580237
113404
534746
102559
448365
546679
167361
139137
142929
155659
190729
535552
135329
576577
61345
584158
70621
30665
57561
178753
4511
611714
7655
388073
239077
112905
207153
1
3833
388067
82010
498687
361126
212953
584939
218559
595721
119093
435401
10771
11059
341969
16283
54863
308513
450353
63445
581717
407689
494249
573603
42145
614189
509951
518864
327188
436193
619033
299549
119765
107421
200388
134665
622765
470617
497205
550489
16217
308225
48313
334945
141539
392964
86349
318817
43833
443721
236652
301848
319889
410765
185695
195403
519743
91337
44871
98453
334385
100493
384052
456647
402747
512496
294669
212321
177137
323539
616353
180975
601226
443787
554533
10185
327375
112611
562845
29141
352249
367672
537006
6045
51375
386023
22909
304424
446644
355809
19823
7402
74632
14874
422961
114642
31091
17353
24877
40187
110955
392753
392426
96139
285676
473952
553299
1
309127
530665
1
253671
5753
521353
123393
209585
569601
611477
77297
82062
111266
264283
164625
392193
420161
371361
195261
279232
487017
625989
133033
119553
567529
146393
572027
384250
1
227142
597761
507841
128161
59945
1
25347
606289
1
186263
1
209317
494524
129361
314050
201761
343505
318313
430021
562173
6703
427237
12386
510915
106637
231937
26831
140870
525272
189185
543614
547095
657227
386433
390386
50813
13525
418194
29209
159195
189633
515479
221156
27129
141175
30671
219919
98809
128609
493519
258362
29535
228010
223267
238591
369437
533183
208561
157860
119825
438512
268837
2233
375778
553019
634329
392371
263461
412209
113313
1
376737
194033
198529
1
22969
605919
669150
573047
147233
228867
585729
339923
8225
140281
72001
112585
82271
64491
22232
1
320409
15200
255233
34723
428801
65505
246770
138448
68130
504801
423929
363281
108984
17575
1
688985
303361
599957
270534
30511
288453
271139
178770
239490
403059
112657
244777
7315
334
102779
486816
13115
492436
241035
76237
592833
28897
458816
197587
702627
475185
371956
1
13133
506373
615575
4643
327651
35204
509425
399613
316343
573305
68297
81981
15233
28327
611641
23965
581153
506351
570759
395365
20016
501561
307038
362033
694401
550392
211357
72129
302414
572409
627081
10873
1
37725
390588
56817
375177
682833
32469
316339
479146
373761
33235
217274
373550
99585
687493
46209
707782
1
141321
232443
387916
478321
212153
313443
1
423945
99809
219103
354529
578957
424266
730983
39937
260737
24824
22906
570685
242897
244300
157407
578817
488145
601416
617157
702755
156769
757143
439319
456448
540499
448357
61033
29949
252889
545329
173889
498614
89871
94564
1
662794
129457
205791
600837
406281
24609
641723
722456
6391
447545
248177
70997
668776
593153
647485
195189
106652
5403
345137
696681
89906
188977
127279
354985
25767
1775
333471
513121
589824
31937
15179
687656
381613
1
536493
96389
463873
465409
363495
331049
102501
337561
648303
702068
574465
14189
641881
33849
1
119925
1
744982
464385
581121
191389
704311
7745
699133
104163
27151
700129
80918
19729
481194
157666
251065
145798
48602
438065
62841
282754
19539
48421
631457
585252
318568
24363
341421
266901
155029
23696
303425
507009
453325
67457
80123
622961
229425
807385
32304
248601
696490
533121
388113
650241
141449
643139
724140
8033
687725
127749
281535
33095
681663
32286
15517
500025
754339
273086
380525
73229
622913
171338
469183
645176
636883
355585
6370
1635
531027
617206
519191
268219
64385
119882
676292
810391
577247
271588
547619
47042
1
540241
797894
261149
39819
1
392315
107625
155573
677605
479841
783849
407587
819141
809953
326755
324389
271915
74366
228609
836477
835497
223307
802863
321734
414565
679362
518252
167393
742525
54721
43903
75481
822593
463405
1
419860
252650
18843
437030
881253
773495
460722
218325
81345
1
560073
286124
99905
104817
742434
409757
164985
487259
341229
3230
1
167337
31785
55057
878689
774405
833025
2009
400995
560093
27699
160593
868908
127425
849789
384638
581689
371175
388266
188865
496697
608007
390835
271005
72497
225119
780643
57233
758167
809993
876614
620076
102345
275809
906222
11544
164967
647845
847918
27107
28441
599133
413713
773217
378263
17919
10644
311777
378505
692581
12581
16877
876528
591682
441749
393426
223641
49365
340908
870621
902009
610654
700393
920577
694257
28245
190897
869681
853272
677498
1
420354
465449
684993
104398
601817
295753
705230
368894
365345
17323
595955
35889
247613
939642
971821
1
664925
61701
423900
40205
730545
879716
1908
356175
55981
803309
624554
149599
18149
990006
38178
492645
488791
57083
1
211352
62229
646196
83187
908337
880933
980187
752001
52073
1
62751
238497
479340
45849
522529
59959
829789
19361
32584
439873
353983
365905
462181
286930
595561
745281
517971
98793
167766
946114
792955
527583
735066
730204
48461
553531
454859
299800
448617
916649
535839
1
844969
464305
764083
94257
1042017
524295
946579
741255
47497
651233
206437
615273
410641
122361
1003194
161953
277164
278486
894553
98893
5244
765441
885753
699554
284871
942883
634785
697015
72225
669865
89637
795413
208191
446457
304669
74753
901637
26243
371551
324243
355937
1459
47976
923681
649500
919856
26335
204577
784411
183594
17665
715617
676153
603371
284891
876777
276573
362701
204657
537166
58133
828050
509784
303237
984673
55335
447345
33531
699417
252976
718953
117089
25913
643947
698113
141999
51580
915786
479511
659153
916781
172133
1097221
288249
51617
374969
163516
159701
933901
599585
136653
459713
519745
900474
850057
557789
480966
424398
331217
1152849
1180943
190177
762661
1049124
36199
40039
1021001
482454
1112127
368561
248535
1061416
906445
830315
282118
186948
136063
593789
609991
89889
984530
129025
706927
509957
842497
411476
1217064
1
416885
286649
1179777
428601
531457
32406
982845
563753
998594
739073
3508
621891
3607
1278432
11657
660387
849853
942420
381515
1
10893
501680
490185
332545
49653
1053985
795577
247578
251865
961150
1227576
757409
301241
50659
1284097
225319
198885
850625
593783
58409
487561
1034467
700545
422895
1
674793
25749
353808
982769
125941
944466
605927
28387
208841
978544
1151589
81129
581703
385961
30315
1133197
629832
653361
174337
33143
942081
161319
1346497
1
146967
1008339
264971
1471761
5769
1
655938
11832
164113
1485401
516221
1079951
601345
1400893
67265
191769
894977
57793
532213
91969
433654
289308
1205513
133913
903478
1162727
1
423249
1489233
468923
590671
354848
163719
1564471
32153
898177
279143
1098569
1289793
1446913
1438789
1574170
1382074
1
1595435
1297761
663169
92945
1564770
352870
214857
28320
1126140
1439718
909629
157530
298465
125341
24433
198409
228985
42105
452033
2753
603161
191809
1
500028
941199
786070
765981
1094731
1474140
1430807
1147249
543505
999777
1771643
1786236
528769
1802590
650129
47060
1042163
304529
541010
34203
358785
221639
653345
234236
662337
1210785
1694225
391073
1151137
820729
1
1253169
1892145
448799
823137
87675
529095
1371003
228337
1093057
1018185
247572
498917
246017
1
280049
1560989
683717
149042
149561
1336321
565249
2074716
962340
121161
348043
527201
647638
10834
1359841
1583873
865921
916065
1575225
1
815617
1295340
321647
27740
1488637
221697
416459
42689
1048165
1643229
113809
890169
1
408951
513647
981201
836025
1607395
2030870
2149169
1101037
310906
890673
1280026
923748
1558317
797910
366319
829699
1720786
1374859
157839
1675633
366007
1249009
40054
1725186
452097
1066177
2475437
1483726
2184705
733937
90367
44013
132484
940953
764481
635034
23793
1633735
1013422
2311713
2776339
2748487
3070576
525521
631297
1006113
188865
1875153
2788575
2971119
2128018
465345
1120163
1
3019795
490496
2064724
3373569
499409
1
1061151
38095
2046041
1821899
650769
762960
1813121
2871735
1307339
1
622333
1
3466506
3800285
2128929
18899
2432545
4024702
55693
1710605
4151335
3084426
1498693
136801
1114814
2579173
19513
424529
5153796
1358705
1331447
387233
112585
3901619
79609
44825
179641
3730883
6669169
7021007
123345
1622985
5755628
3069313
1
2360001
5129071
1995443
6739689
31665
9999399
3914461
419825
1939725
13988083
12615991
6344641
113773
14561971
175617
-2109
-2359
-511
-2061
-1730
-597
-959
-1
-617
-1518
-581
-610
-226
-765
-1918
-1102
-786
-1467
-2381
-1770
-2066
-2207
-2136
-1355
-2
-81
-1334
-4
-2372
-1685
-1026
-1677
-3
-1108
-1284
-57
-328
-1628
-1212
-1279
-754
-277
-11
-529
-713
-2325
-2042
-2393
-314
-2157
-5
-2219
-1505
-1991
-431
-419
-643
-508
-761
-595
-1104
-239
-364
-200
-1794
-1696
-842
-2284
-929
-6
-1336
-2323
-1787
-2271
-1077
-1175
-996
-577
-1501
-692
-344
-374
-7
-841
-537
-935
-2218
-1768
-2307
-1579
-733
-1281
-2353
-1553
-2093
-425
-66
-1340
-2355
-833
-2300
-1036
-2413
-1273
-700
-132
-2445
-1773
-1427
-1024
-216
-25
-1969
-245
-2180
-2489
-998
-1408
-622
-18
-821
-1084
-388
-2204
-1221
-249
-1893
-1143
-1757
-1930
-2163
-1020
-2025
-1078
-228
-2280
-2036
-1134
-2406
-1119
-2244
-1305
-1338
-244
-2024
-19
-1874
-211
-1853
-1519
-2293
-2012
-443
-1306
-846
-1591
-2251
-1869
-435
-1038
-95
-2005
-356
-1569
-1882
-1516
-210
-1065
-78
-1504
-1750
-128
-2401
-1712
-189
-2079
-215
-850
-1172
-1885
-1997
-551
-294
-333
-263
-1813
-1906
-1076
-1763
-2007
-1889
-1223
-534
-2164
-1415
-1690
-565
-1640
-820
-1206
-703
-253
-1373
-2458
-558
-2485
-2429
-298
-2475
-1362
-1454
-817
-2220
-1806
-2097
-1968
-578
-279
-773
-933
-1788
-625
-40
-2125
-645
-2276
-49
-1328
-2432
-1633
-201
-2077
-2341
-1117
-1811
-8
-822
-1240
-1861
-227
-1520
-981
-2067
-1531
-1679
-2143
-475
-2317
-970
-439
-1876
-1395
-9
-2032
-2442
-460
-1124
-838
-2100
-1412
-1496
-233
-518
-54
-1946
-2078
-725
-2438
-453
-1269
-956
-2257
-1925
-2071
-1186
-169
-2320
-1533
-10
-758
-1739
-2382
-223
-2264
-776
-849
-627
-1999
-1192
-1425
-791
-2443
-1198
-905
-1255
-1577
-510
-259
-1385
-1713
-76
-1651
-1951
-949
-862
-32
-334
-1769
-387
-815
-224
-562
-1899
-1547
-1527
-1079
-2298
-1019
-2474
-1940
-1994
-477
-1163
-2327
-155
-1353
-873
-899
-638
-320
-1643
-2360
-2054
-612
-1948
-1557
-360
-1323
-501
-2240
-1116
-1634
-649
-1973
-1933
-872
-415
-731
-1749
-1055
-782
-514
-2255
-847
-1585
-2482
-2350
-1209
-1765
-1562
-1431
-2013
-1404
-323
-429
-888
-1512
-538
-828
-756
-1384
-2115
-631
-2262
-2045
-2120
-783
-2017
-127
-2493
-385
-644
-2273
-2217
-788
-1740
-2053
-2192
-844
-2165
-1654
-934
-152
-82
-517
-1509
-2128
-2268
-1138
-1987
-1461
-2365
-1578
-432
-1149
-688
-2041
-376
-764
-212
-1895
-16
-2309
-273
-1288
-12
-1722
-331
-1822
-2440
-2287
-1610
-2184
-1166
-1452
-2190
-1314
-1196
-1716
-13
-803
-1458
-97
-108
-48
-255
-1089
-1313
-14
-752
-2199
-1827
-2144
-967
-861
-2099
-246
-598
-15
-2085
-1864
-880
-17
-1037
-20
-741
-39
-1230
-1352
-2089
-685
-1664
-897
-2380
-512
-1900
-1009
-836
-2367
-1884
-2135
-1039
-1234
-699
-1445
-1990
-1615
-1389
-919
-404
-779
-1200
-1095
-1222
-1852
-2176
-366
-1438
-166
-1058
-519
-1542
-1545
-1118
-995
-1684
-863
-832
-1066
-59
-588
-624
-213
-1180
-2239
-532
-661
-1416
-646
-47
-513
-715
-860
-2453
-2305
-1847
-1929
-1017
-669
-87
-1609
-963
-1144
-1871
-229
-1632
-556
-1270
-2063
-2108
-2330
-408
-2006
-31
-1204
-652
-943
-437
-749
-1649
-1666
-287
-2237
-1689
-430
-1205
-2362
-62
-218
-1262
-1476
-1976
-865
-1453
-21
-900
-1561
-759
-319
-171
-1267
-251
-1061
-819
-2194
-160
-2451
-972
-1746
-740
-1574
-1625
-1817
-22
-2394
-690
-1341
-149
-1123
-2488
-856
-89
-2155
-91
-1756
-23
-639
-1359
-2306
-1294
-709
-2312
-449
-1421
-1220
-2279
-1399
-343
-55
-2068
-1392
-1130
-790
-993
-2196
-220
-350
-726
-236
-978
-968
-602
-1167
-1665
-770
-1327
-542
-1301
-1607
-2208
-24
-1023
-1394
-953
-1603
-1538
-2468
-515
-696
-1980
-1862
-1624
-412
-2209
-1219
-811
-730
-1544
-1377
-1048
-2470
-318
-2254
-484
-796
-202
-198
-1550
-164
-682
-931
-902
-1054
-657
-321
-2407
-813
-397
-2265
-1819
-755
-1259
-458
-1729
-28
-1678
-1748
-1995
-736
-1285
-1548
-390
-26
-1030
-1103
-1062
-191
-2020
-1714
-1789
-885
-942
-1992
-2197
-944
-1698
-593
-1556
-1241
-1025
-1183
-243
-2173
-2055
-208
-1179
-1936
-1190
-975
-503
-2377
-1855
-2122
-710
-1715
-738
-707
-473
-1101
-151
-2074
-2352
-1668
-2107
-142
-1606
-1913
-242
-667
-1060
-1051
-368
-702
-1859
-999
-2433
-464
-1541
-1656
-206
-2003
-2477
-194
-923
-613
-2322
-2008
-576
-1439
-2179
-894
-2281
-1379
-1766
-341
-465
-271
-2158
-1974
-247
-691
-1317
-27
-234
-1344
-1970
-29
-282
-1857
-86
-101
-137
-941
-63
-30
-1807
-1322
-179
-990
-1348
-896
-1052
-874
-1228
-2160
-406
-131
-960
-1325
-67
-2058
-648
-774
-1650
-1879
-987
-1106
-2102
-2186
-1449
-1618
-275
-728
-2356
-33
-2329
-769
-159
-1680
-1099
-1479
-34
-494
-35
-1587
-1157
-1081
-240
-2400
-452
-36
-1380
-295
-2419
-1802
-2159
-504
-718
-1295
-1777
-1231
-2425
-1611
-1088
-2002
-342
-354
-1276
-721
-2016
-641
-673
-339
-2469
-743
-1369
-1755
-2040
-2277
-41
-1539
-1985
-186
-1566
-1490
-1790
-1152
-866
-1510
-831
-283
-1737
-1953
-1302
-392
-1922
-1602
-2415
-2447
-73
-1673
-1312
-37
-2210
-777
-38
-1697
-1413
-238
-1122
-830
-2358
-414
-1446
-1982
-1032
-1559
-2498
-2282
-1522
-989
-505
-664
-2148
-2290
-1164
-2168
-2430
-2046
-420
-254
-1444
-2214
-1641
-2232
-65
-258
-1883
-708
-559
-2313
-1300
-1115
-1367
-524
-2047
-1595
-2130
-2030
-42
-1658
-1008
-1435
-1836
-352
-2114
-946
-1360
-1136
-2235
-2021
-939
-2082
-694
-1217
-1402
-543
-2283
-1732
-496
-410
-525
-1457
-2491
-2147
-1432
-2126
-1905
-2084
-457
-265
-1837
-144
-1455
-1127
-665
-2229
-1343
-1672
-1877
-103
-1816
-1354
-549
-599
-43
-1006
-1010
-575
-1513
-812
-1535
-906
-2048
-876
-886
-1919
-80
-1783
-1056
-140
-1532
-1575
-64
-1832
-1767
-2368
-589
-71
-746
-948
-1378
-349
-304
-683
-957
-618
-2127
-276
-250
-1771
-1708
-1483
-1795
-2446
-129
-895
-174
-706
-2195
-1042
-278
-177
-326
-675
-1107
-739
-231
-530
-90
-1491
-1357
-864
-44
-2096
-2215
-2343
-451
-2361
-1825
-1774
-1721
-584
-1908
-445
-2201
-45
-623
-2302
-789
-1706
-572
-663
-672
-1637
-1502
-479
-1735
-541
-2142
-2057
-1168
-569
-1804
-426
-1971
-1342
-1998
-2233
-1683
-2460
-1422
-2090
-1952
-2499
-717
-145
-2141
-1772
-1165
-248
-2236
-2404
-219
-381
-2166
-1400
-1370
-1329
-1977
-1414
-170
-737
-2167
-2062
-1723
-1818
-668
-781
-1174
-516
-476
-2457
-324
-1645
-1447
-536
-670
-1381
-823
-1605
-1534
-911
-797
-2402
-698
-120
-2118
-1471
-1335
-566
-1572
-1448
-46
-353
-284
-2226
-2150
-1087
-1363
-2308
-1388
-858
-2289
-1170
-907
-50
-753
-1784
-540
-418
-809
-2481
-51
-1299
-1702
-2278
-1653
-2386
-1896
-2267
-1988
-52
-680
-125
-917
-2495
-1113
-2374
-561
-53
-1287
-2435
-2364
-370
-881
-1298
-1904
-557
-1390
-1194
-1758
-2172
-1161
-2337
-1423
-1646
-596
-1590
-252
-1266
-2261
-2088
-83
-531
-332
-891
-1132
-1080
-785
-1704
-2385
-1015
-1459
-357
-126
-2212
-1064
-2152
-1016
-1232
-871
-1463
-2403
-634
-554
-1619
-1236
-1799
-520
-1854
-977
-2080
-1070
-1734
-810
-976
-655
-1112
-119
-373
-954
-2043
-1780
-893
-2349
-176
-56
-915
-1584
-256
-58
-629
-345
-2410
-267
-1013
-1596
-988
-2119
-1537
-482
-732
-2496
-1576
-705
-750
-2178
-407
-1247
-1021
-1600
-424
-60
-1114
-403
-1429
-2039
-167
-297
-763
-605
-492
-806
-327
-448
-75
-2223
-1890
-604
-2073
-1620
-1332
-69
-1489
-2245
-1707
-1614
-620
-647
-61
-372
-1497
-2064
-1211
-133
-1235
-1474
-2331
-1001
-695
-2247
-2399
-2023
-1456
-307
-68
-483
-937
-965
-70
-163
-2181
-2412
-1225
-1594
-924
-474
-1549
-1593
-1888
-2134
-199
-1622
-986
-550
-165
-384
-681
-1965
-591
-1642
-1681
-1525
-1565
-2198
-147
-2087
-1265
-2072
-2095
-1171
-472
-2285
-1148
-1878
-462
-88
-1289
-802
-1797
-818
-1700
-1924
-1137
-1745
-2049
-2203
-903
-2397
-1617
-1098
-1173
-583
-1131
-1927
-138
-2252
-727
-455
-1430
-1028
-1863
-585
-628
-1503
-1216
-2328
-1849
-330
-1409
-1121
-139
-1805
-827
-290
-1005
-72
-107
-637
-1571
-1187
-1957
-1699
-1263
-293
-1272
-2319
-2342
-798
-1035
-1894
-1670
-839
-1719
-1941
-466
-375
-74
-209
-1630
-1809
-1027
-1045
-77
-110
-329
-947
-2427
-266
-1568
-302
-1282
-1482
-2387
-2139
-112
-1271
-192
-2106
-784
-1492
-203
-1277
-1326
-748
-1208
-2234
-338
-521
-1214
-1944
-2379
-315
-79
-2378
-1011
-1848
-134
-382
-539
-2338
-2146
-1555
-1007
-2292
-1554
-914
-84
-440
-1160
-1358
-1844
-616
-969
-280
-115
-1705
-1139
-1956
-1034
-729
-1478
-1560
-2304
-2476
-913
-1366
-1963
-237
-1382
-804
-843
-389
-992
-175
-1812
-225
-2249
-1417
-829
-920
-187
-1110
-1647
-1320
-1979
-1033
-413
-1029
-904
-908
-2441
-1333
-85
-1068
-92
-1792
-2294
-1494
-548
-2010
-1580
-416
-630
-603
-98
-1543
-1820
-363
-2216
-2171
-402
-1921
-1410
-122
-1931
-1440
-1937
-2175
-1075
-2104
-912
-687
-1623
-964
-840
-94
-2373
-361
-214
-898
-116
-2459
-93
-883
-2038
-1126
-317
-1260
-1244
-1616
-1860
-1203
-1759
-150
-1199
-2390
-1870
-1090
-563
-264
-1397
-887
-1443
-1049
-355
-2449
-2398
-1846
-586
-1237
-2001
-2363
-522
-651
-2153
-1949
-487
-1129
-719
-1782
-805
-335
-1551
-1499
-1916
-1178
-952
-2009
-2371
-1420
-878
-1480
-1257
-2156
-1275
-1801
-296
-1405
-358
-1724
-506
-161
-676
-1613
-1552
-1945
-2423
-96
-1000
-2376
-1902
-1261
-884
-2424
-1521
-2414
-1586
-2366
-1659
-417
-312
-1375
-1517
-916
-1669
-1652
-99
-2228
-671
-1177
-2224
-834
-100
-2206
-772
-300
-2033
-1736
-2110
-1436
-689
-1091
-1473
-207
-1398
-2437
-1002
-787
-380
-1229
-854
-436
-1814
-2117
-1891
-1368
-2193
-2185
-794
-945
-470
-1067
-1955
-269
-940
-2296
-196
-1589
-2182
-1450
-2439
-2272
-1264
-659
-1601
-456
-102
-1466
-2299
-1434
-261
-1978
-2133
-188
-2357
-2465
-2029
-2484
-807
-1703
-994
-2086
-867
-1833
-1738
-855
-1426
-892
-579
-497
-154
-1158
-1256
-921
-378
-2238
-104
-2288
-768
-1308
-573
-1280
-1717
-1528
-2028
-1835
-890
-434
-1760
-232
-582
-2389
-1488
-2444
-1242
-621
-2227
-1754
-1486
-1141
-747
-1292
-2392
-1004
-141
-2018
-1644
-230
-2222
-1796
-966
-2149
-289
-792
-580
-468
-2253
-2335
-1508
-1495
-1481
-825
-2101
-2434
-837
-2375
-983
-851
-1834
-544
-1751
-2436
-2448
-143
-386
-594
-1100
-1239
-742
-1917
-2383
-2295
-2269
-135
-928
-478
-1867
-1631
-546
-442
-1437
-1875
-303
-158
-1662
-780
-1150
-2170
-257
-982
-495
-1570
-1824
-447
-1858
-222
-1935
-105
-106
-2241
-1515
-1695
-2070
-351
-2123
-168
-985
-379
-217
-2326
-2112
-1629
-1831
-745
-2461
-2370
-109
-1245
-1639
-2035
-606
-979
-193
-111
-1063
-1493
-1733
-1842
-2466
-113
-974
-1286
-1293
-1986
-2369
-859
-716
-313
-394
-2211
-882
-1176
-2275
-568
-422
-441
-1744
-2450
-2132
-704
-1154
-2083
-1592
-1920
-398
-909
-592
-826
-2351
-1841
-1627
-1043
-469
-2230
-309
-1886
-2316
-499
-2004
-1742
-114
-337
-438
-1635
-491
-2455
-1224
-117
-635
-2314
-270
-205
-808
-879
-2052
-1682
-118
-173
-121
-498
-281
-653
-1926
-666
-1487
-2221
-421
-2384
-654
-1947
-2409
-799
-1226
-950
-958
-2417
-1843
-633
-123
-1393
-1546
-1347
-800
-371
-1563
-973
-1710
-814
-766
-590
-835
-1053
-311
-560
-124
-2321
-632
-1442
-285
-1156
-130
-1133
-1316
-1655
-2202
-507
-1407
-636
-450
-1169
-2492
-2092
-2022
-1386
-1728
-433
-852
-1942
-367
-870
-619
-1096
-1093
-1529
-1887
-2473
-1296
-1135
-1573
-1330
-1258
-1188
-1428
-1003
-1779
-564
-1451
-183
-926
-268
-262
-369
-1424
-1950
-340
-571
-1193
-2479
-272
-1793
-868
-1227
-1711
-1892
-757
-1082
-2463
-2431
-1828
-1307
-955
-936
-1278
-136
-2462
-2497
-486
-1253
-1865
-1189
-1041
-1319
-2487
-1315
-1694
-660
-574
-1686
-1912
-1252
-1898
-359
-2270
-2258
-1248
-1582
-146
-190
-1197
-927
-1047
-1251
-1246
-1798
-1159
-1962
-1536
-148
-1014
-153
-723
-2408
-1830
-656
-2259
-2301
-925
-1604
-918
-2454
-1661
-1120
-1564
-1821
-1752
-2105
-1069
-405
-2059
-930
-1718
-1626
-1910
-467
-2311
-1468
-2344
-2467
-1850
-241
-1993
-1195
-1989
-1210
-1845
-156
-2034
-2347
-2075
-611
-1361
-1731
-1829
-1462
-609
-172
-336
-377
-2140
-1725
-910
-1785
-157
-1268
-1441
-2187
-2189
-1810
-1808
-901
-734
-1873
-428
-1914
-316
-2274
-1142
-2421
-197
-2225
-1692
-527
-1932
-1840
-1815
-932
-1475
-1511
-1741
-1215
-2094
-1691
-720
-274
-1675
-2191
-365
-2188
-1128
-1939
-1688
-767
-1485
-1046
-162
-1391
-869
-235
-488
-2050
-587
-1146
-423
-1387
-853
-2297
-771
-1621
-714
-1460
-2246
-446
-984
-533
-1309
-760
-1526
-816
-1693
-1044
-1372
-399
-2103
-2405
-2486
-2145
-2266
-1484
-600
-2162
-845
-1012
-1598
-1464
-1184
-2334
-2388
-2303
-1803
-2472
-2256
-1881
-1663
-2015
-1958
-1057
-1498
-2027
-1472
-2248
-793
-1092
-1283
-1321
-2416
-178
-674
-2200
-292
-204
-1996
-1928
-180
-2019
-1073
-1376
-2310
-1753
-1791
-744
-1401
-481
-1105
-2098
-2411
-2263
-2183
-2260
-2031
-2161
-1657
-1303
-1254
-480
-2315
-391
-181
-485
-971
-427
-1337
-693
-2494
-677
-2395
-614
-1371
-490
-2480
-1909
-751
-735
-1983
-1972
-2490
-184
-400
-1775
-712
-1674
-1984
-1567
-2091
-642
-775
-1297
-299
-1291
-1249
-2037
-547
-678
-1851
-305
-2011
-1083
-1469
-1764
-502
-2339
-1612
-1350
-346
-2333
-1411
-686
-951
-1743
-2418
-348
-1191
-1911
-182
-1071
-2354
-1599
-2428
-1588
-1383
-662
-185
-1747
-795
-2056
-1872
-1238
-552
-2174
-1470
-195
-1839
-1800
-1181
-848
-1638
-1523
-1597
-2121
-500
-697
-2471
-1218
-2044
-1966
-2154
-1351
-1147
-1364
-980
-463
-1901
-1346
-2242
-1897
-1310
-1097
-2113
-2420
-221
-1648
-489
-2137
-395
-444
-1981
-1975
-383
-1667
-260
-1433
-286
-650
-1304
-1356
-2076
-2111
-1778
-347
-461
-288
-1558
-291
-1671
-1406
-1419
-2500
-301
-1786
-2396
-1961
-1290
-1318
-306
-1964
-962
-459
-1524
-2318
-1660
-2422
-607
-922
-2348
-1050
-2332
-1938
-2478
-1823
-711
-2081
-2345
-471
-1540
-762
-1018
-308
-961
-1111
-401
-640
-722
-2231
-2116
-2129
-2205
-1967
-310
-2250
-322
-1396
-1331
-325
-1324
-1031
-570
-567
-545
-454
-1903
-997
-1213
-523
-1140
-1726
-1960
-626
-1923
-2065
-1506
-1145
-701
-1761
-1155
-2169
-553
-2324
-684
-409
-1583
-857
-877
-1954
-1687
-1374
-535
-2291
-801
-2483
-362
-2346
-1059
-396
-1826
-1345
-1086
-2456
-2051
-1072
-1636
-1418
-601
-1507
-778
-1202
-2060
-1201
-1838
-615
-1720
-1243
-1477
-1530
-2138
-875
-1040
-2131
-1676
-1581
-2391
-2026
-393
-1907
-1868
-509
-411
-1500
-1608
-526
-493
-1701
-1943
-2340
-1915
-555
-1727
-1514
-1403
-528
-1151
-1339
-608
-1162
-1074
-2213
-1349
-1776
-1233
-1880
-658
-2000
-1094
-1959
-679
-1109
-1311
-889
-724
-1125
-2336
-1365
-1866
-1709
-1762
-1182
-2177
-824
-2452
-1274
-1465
-2426
-1250
-1085
-938
-991
-2069
-1781
-1856
-2124
-2286
-2014
-1022
-2243
-2151
-1153
-1185
-1934
-1207
-2464
