8324050 1364
8264
927
10096
11521
1024
6417
8458
1
12121
11823
9900
4908
6841
5761
6619
1
1946
7021
1226
2446
5885
10911
9633
10351
3713
1029
9381
2361
10501
1011
6091
12238
4678
3933
11046
9507
1
10926
1
6699
10173
4753
7873
8861
10882
6593
2719
273
11331
6347
10752
6785
434
5653
6669
2539
3527
4820
8204
7038
2475
12143
8130
2393
2073
11575
7278
8693
1
7345
8138
4508
10253
3855
6339
12372
6721
7089
9589
4476
4173
8808
4495
1576
12887
8395
7718
4423
4045
3942
2353
7219
12379
4057
1017
8517
13073
4281
9529
4653
8137
5055
10824
9327
1
12503
5095
10883
3940
1672
6175
251
5900
1
11259
3778
6387
13078
11310
3854
9321
8545
8235
10873
12051
8409
2333
3321
2363
10255
9694
1
7581
9214
5127
1443
1322
4205
8550
10459
7103
7262
12989
11565
11617
4477
2190
1107
4725
11857
8082
7281
5943
1236
4022
9721
7249
11227
1937
11025
13277
11905
10367
1
4281
8513
5898
4196
9847
3525
6813
1523
7113
4276
11111
10482
5777
6985
3318
9477
4200
4363
1797
522
2815
14165
14207
3709
13633
1
7183
10996
11359
7759
7401
9499
5377
3069
2643
12224
1489
13694
14415
11868
7567
6995
5247
1
5441
14609
1697
9038
1291
8065
8849
4940
7853
7932
1583
1677
5239
1901
7573
9285
7273
906
14689
10559
4607
10195
4069
14205
11897
5602
1
8053
13421
7281
12611
489
9151
12478
11665
953
529
7157
10331
31
8118
4173
4076
9859
9058
8239
11604
2457
5591
15219
7839
12381
14477
221
11742
3815
1032
1929
11882
12609
3407
13681
6911
12373
7829
9991
13329
12717
6191
6201
11283
4421
2427
14333
8121
9921
4738
12309
10293
14802
9113
13873
6968
1459
3779
1941
8535
9976
4281
3299
15921
6895
7251
13072
6581
13729
10747
14057
3201
209
10996
13373
9925
12629
12239
4187
14853
12085
16433
3017
8995
12197
8601
3085
15303
10661
10317
8257
4859
7185
1681
8464
1089
11242
14865
9097
9857
12812
6491
3147
1104
14640
4442
10623
13817
2617
14118
3905
193
10853
10953
14960
8866
13289
9339
31
6321
15026
6234
8621
8777
14793
5629
15537
11785
9185
17796
581
13697
13312
10565
17
10317
6224
3361
13201
1849
13621
11889
641
15818
7201
13957
1425
1
17751
2213
4425
10227
15585
12193
1339
4434
18221
15114
8537
1
17965
11629
15649
11228
2737
15381
16017
15184
17750
17169
11807
6565
8077
6203
12465
16943
1387
18857
9577
7917
18045
6573
16287
9867
16589
16675
7926
6415
8577
6807
4629
9331
10653
18447
14905
11410
13845
13217
13841
4952
1687
3115
12688
462
1
19550
16649
19219
5121
1393
10321
8284
3983
4268
13190
16417
6233
13405
18635
5437
2663
18993
19563
12663
15327
14825
11617
18406
639
3345
9301
1267
21249
9440
9769
17434
18689
12081
6081
12330
1
13031
1
9700
14875
4537
4342
5961
7097
16579
2905
13253
17933
20781
22333
7825
738
8452
13151
22849
1
3317
7525
21130
21888
12501
474
10695
23517
3843
12739
18821
8974
5421
18175
4606
1001
21589
16177
4645
17580
3037
2303
23425
19482
19073
9335
24861
11668
6688
9835
15969
23925
2489
6457
16524
15215
17727
16727
22304
24481
1
10262
1
24285
8011
15773
6263
13597
351
19763
3169
2078
14822
22061
5550
1814
10513
7389
4941
2645
14529
15153
19487
6443
23253
13287
9979
23057
9789
23505
12189
27741
7583
11811
4909
15125
26079
3489
6024
26934
7530
1
21208
18566
11831
969
2650
27933
6385
9990
2344
28969
20117
21469
5360
12286
350
28426
7025
9733
16360
34073
876
19059
21845
7799
19688
25009
36806
36577
984
18753
34925
21005
35571
4041
1581
22014
12441
24065
20785
20760
38614
21592
801
4515
33561
6236
19517
1305
29457
9493
42781
15553
7695
21000
13781
31155
13979
43670
48065
14685
15907
20101
40273
6912
51511
30144
7467
25885
26777
16209
24452
35826
44001
27862
58153
419
17445
36455
43565
65233
1268
52665
19733
1
3132
68257
45685
45875
82549
29621
68565
69231
1
90297
90691
37341
65153
98017
66639
39769
25097
9191
103737
143330
-241
-544
-65
-4
-46
-521
-253
-571
-196
-488
-359
-525
-511
-336
-675
-477
-257
-490
-499
-68
-489
-514
-567
-154
-149
-12
-535
-516
-543
-354
-48
-369
-517
-54
-144
-45
-322
-320
-250
-281
-242
-175
-275
-140
-574
-510
-199
-2
-654
-397
-191
-375
-583
-586
-649
-379
-636
-385
-210
-450
-1
-377
-550
-311
-244
-376
-474
-25
-465
-650
-398
-341
-42
-430
-647
-194
-581
-394
-500
-508
-364
-96
-340
-73
-115
-95
-78
-164
-197
-193
-3
-526
-220
-408
-531
-134
-123
-114
-274
-23
-674
-132
-566
-467
-316
-319
-303
-30
-557
-296
-58
-419
-121
-561
-604
-469
-447
-493
-233
-247
-22
-161
-413
-198
-381
-323
-545
-603
-14
-595
-593
-476
-190
-302
-162
-112
-246
-327
-582
-27
-163
-299
-602
-306
-665
-258
-200
-679
-645
-107
-141
-229
-230
-402
-625
-136
-57
-217
-110
-596
-5
-573
-88
-519
-457
-442
-449
-598
-330
-410
-6
-664
-90
-170
-128
-655
-404
-166
-631
-560
-124
-390
-635
-29
-17
-85
-532
-231
-614
-565
-59
-634
-308
-587
-370
-249
-368
-51
-367
-641
-129
-81
-639
-13
-297
-102
-7
-137
-214
-643
-344
-252
-501
-212
-366
-284
-119
-52
-155
-415
-441
-423
-278
-497
-181
-279
-43
-556
-681
-372
-211
-287
-466
-559
-400
-100
-494
-380
-657
-176
-637
-460
-317
-130
-502
-338
-495
-31
-530
-371
-480
-473
-349
-387
-55
-629
-459
-564
-406
-440
-454
-414
-182
-215
-18
-223
-475
-94
-53
-599
-418
-463
-10
-523
-470
-293
-80
-213
-50
-318
-538
-204
-92
-589
-222
-513
-219
-339
-298
-597
-8
-228
-168
-563
-539
-383
-600
-633
-548
-605
-169
-208
-392
-192
-108
-9
-399
-60
-527
-238
-91
-225
-270
-669
-479
-97
-160
-11
-272
-143
-324
-432
-433
-15
-405
-180
-444
-528
-585
-624
-201
-609
-216
-209
-558
-36
-355
-484
-16
-221
-619
-626
-280
-590
-314
-518
-187
-177
-588
-313
-62
-243
-481
-172
-267
-271
-76
-682
-580
-671
-167
-524
-289
-608
-591
-456
-234
-627
-189
-504
-533
-678
-305
-622
-203
-446
-386
-19
-458
-151
-343
-630
-49
-301
-620
-554
-424
-158
-24
-173
-388
-39
-611
-613
-237
-378
-67
-576
-70
-72
-363
-471
-20
-307
-269
-420
-38
-498
-227
-333
-101
-382
-360
-321
-648
-652
-483
-122
-656
-453
-409
-146
-610
-445
-268
-138
-21
-93
-512
-345
-478
-147
-286
-536
-455
-350
-428
-56
-642
-183
-570
-358
-145
-157
-300
-118
-41
-618
-139
-592
-207
-142
-374
-34
-396
-66
-117
-63
-116
-436
-135
-240
-540
-152
-120
-259
-331
-487
-260
-505
-537
-202
-393
-658
-431
-75
-87
-606
-71
-417
-103
-365
-407
-427
-26
-273
-667
-615
-452
-551
-464
-77
-106
-239
-348
-131
-113
-153
-496
-448
-389
-82
-337
-235
-653
-549
-171
-290
-179
-126
-28
-32
-546
-553
-577
-44
-159
-326
-283
-264
-37
-651
-33
-472
-673
-468
-451
-541
-616
-347
-351
-555
-86
-276
-105
-542
-403
-185
-677
-263
-422
-312
-255
-174
-575
-64
-662
-304
-644
-295
-425
-401
-224
-412
-35
-266
-61
-520
-315
-503
-288
-353
-438
-569
-461
-310
-40
-552
-184
-254
-522
-680
-660
-562
-256
-156
-421
-232
-617
-99
-47
-426
-482
-670
-261
-492
-69
-572
-291
-226
-294
-362
-579
-547
-395
-325
-236
-529
-607
-277
-666
-245
-594
-285
-443
-206
-384
-309
-83
-165
-491
-335
-486
-265
-150
-74
-111
-601
-79
-104
-262
-109
-509
-661
-251
-628
-676
-125
-391
-356
-437
-328
-361
-342
-515
-672
-429
-584
-248
-439
-612
-373
-623
-195
-663
-646
-485
-148
-638
-205
-84
-632
-329
-568
-621
-89
-352
-133
-98
-578
-334
-435
-534
-292
-127
-282
-178
-357
-462
-332
-411
-346
-659
-188
-640
-506
-186
-668
-218
-416
-434
-507
