1000 748
1
1
1
1
1
1
1
1
1
1
1
1
1
1
1
1
1
1
1
1
1
1
1
1
1
1
1
1
1
1
1
1
1
1
1
1
1
1
1
1
1
1
1
1
1
1
1
1
1
1
1
1
1
1
1
1
1
1
1
1
1
2
1
2
3
2
3
2
1
3
1
2
3
3
3
1
1
3
3
3
3
3
3
1
3
2
2
1
1
3
3
1
2
1
1
3
2
2
1
3
3
1
1
2
1
3
1
2
1
3
3
2
1
1
1
1
3
1
2
2
3
3
3
1
1
2
1
2
1
3
1
1
1
3
3
3
3
2
3
3
3
3
3
2
1
3
3
3
1
1
3
2
3
1
3
1
2
1
1
1
2
3
1
1
3
1
3
3
3
3
3
2
3
3
2
3
2
1
3
3
3
1
2
3
1
3
2
1
3
1
2
2
1
2
2
1
2
1
3
2
2
3
3
3
1
2
3
1
2
1
3
3
3
1
2
3
1
2
3
3
3
3
2
3
1
2
1
1
1
1
1
2
1
1
1
1
1
1
1
1
1
1
1
1
1
1
1
1
1
1
1
1
1
1
1
1
1
1
1
1
1
1
1
1
3
2
2
5
4
4
5
3
3
1
3
4
4
1
4
1
3
1
5
3
5
4
4
3
2
3
3
2
5
5
5
1
1
5
4
1
2
2
5
5
1
5
3
5
5
3
1
5
5
1
5
5
5
1
4
5
3
5
1
3
5
1
5
1
1
1
3
7
7
5
2
1
1
1
1
1
5
9
2
7
3
7
4
9
7
7
6
3
3
1
7
5
5
4
13
1
1
12
2
13
14
3
13
13
19
9
21
18
1
1
-149
-255
-355
-229
-69
-331
-98
-16
-1
-145
-63
-25
-363
-263
-28
-160
-165
-370
-57
-199
-2
-287
-340
-54
-260
-348
-249
-204
-11
-170
-12
-8
-39
-195
-42
-67
-366
-329
-337
-72
-306
-286
-161
-84
-222
-191
-239
-163
-216
-234
-174
-298
-316
-210
-81
-280
-87
-80
-281
-3
-371
-117
-176
-71
-201
-4
-17
-146
-323
-213
-106
-225
-115
-224
-265
-82
-92
-209
-109
-232
-330
-276
-5
-190
-177
-20
-256
-33
-303
-99
-19
-121
-270
-219
-153
-36
-247
-184
-295
-151
-268
-6
-343
-7
-66
-336
-359
-44
-180
-307
-221
-131
-244
-271
-40
-178
-128
-104
-150
-41
-78
-9
-273
-367
-148
-315
-49
-134
-186
-70
-122
-342
-334
-58
-236
-100
-61
-157
-126
-139
-360
-347
-35
-264
-259
-214
-79
-156
-290
-320
-238
-181
-96
-228
-30
-297
-305
-311
-189
-31
-193
-233
-10
-147
-13
-205
-299
-168
-108
-374
-51
-356
-207
-32
-333
-220
-338
-43
-194
-101
-231
-346
-261
-83
-94
-369
-112
-138
-267
-103
-77
-173
-93
-252
-203
-310
-328
-47
-86
-364
-344
-140
-127
-14
-341
-294
-15
-326
-50
-354
-293
-279
-324
-350
-275
-141
-73
-257
-332
-253
-208
-245
-258
-179
-246
-291
-357
-76
-113
-68
-292
-22
-120
-368
-352
-212
-335
-123
-124
-118
-167
-300
-143
-365
-372
-155
-105
-152
-37
-318
-65
-197
-243
-198
-89
-321
-74
-269
-164
-312
-284
-62
-59
-125
-242
-309
-18
-206
-102
-358
-21
-185
-237
-130
-308
-158
-171
-248
-251
-283
-285
-362
-223
-154
-202
-116
-235
-23
-159
-52
-34
-227
-278
-288
-302
-262
-24
-29
-56
-26
-85
-192
-254
-200
-88
-349
-166
-114
-133
-361
-27
-162
-97
-129
-289
-345
-132
-226
-135
-90
-240
-175
-75
-282
-60
-327
-353
-277
-172
-137
-183
-111
-188
-95
-250
-313
-38
-217
-144
-53
-266
-91
-45
-296
-215
-119
-211
-142
-196
-136
-46
-322
-64
-230
-325
-351
-48
-110
-55
-274
-107
-187
-317
-304
-339
-182
-169
-241
-218
-314
-272
-373
-301
-319
