2000000000 600
5306449
5284816
3457097
4014216
2395707
1972263
1055861
1
1148957
232881
6007433
4898935
19137
5025793
191329
1
1091300
4900993
3200401
6527233
5201056
246625
3434241
2289128
4429579
2514531
4081000
5363544
10501
6208234
4080693
5257689
6865065
964136
6059277
3364825
1
6849361
1
3695217
1152098
5104665
7873
6743979
7260487
6069212
1598933
2089097
2011137
1044385
3186901
277529
2628653
5628363
82941
6612999
4041473
3639425
3186689
1701915
1395713
1346544
20929
3936101
2530545
2073853
4003563
407105
1
5492784
5778227
43199
3683418
907905
418479
352353
1208031
4125825
5347401
3155457
1560957
8808
7007708
3346945
25923
190913
718247
1291081
4110951
435681
7725483
7219
1255288
1918849
8243725
390273
579252
215033
1244428
2382543
6832143
3138733
24055
1025253
1
3540993
4678632
409313
5346947
1718400
3376641
5347017
32614
1
7873537
6255174
6692721
1422913
24737
500801
4830495
3751953
21699
2336305
5622965
5047447
8089547
30341
15892
8711718
4142723
1
2126437
1743385
9659097
1390785
3998721
4044710
6062065
5070859
2115285
6244788
5483999
6893541
629377
73137
3087540
6067473
3963868
4761351
132417
21107
7467534
10214847
2980289
37513
847970
2111173
7909633
1572865
764321
4187650
5443591
1
5709487
8189185
6276126
950529
5766793
931617
5057895
29717
6266271
2409141
1234266
381945
3576729
11169793
9576702
52137
4200
6527671
9697700
8456703
10840807
8188866
4196753
18055
6699993
1
9882780
7886953
11359
12330731
11684849
7647973
844289
3214995
5719252
4108463
408497
28257
43545
6551553
1260673
8657257
1761732
1
1646465
5384685
11541233
7018225
8871809
1881787
11054684
13222678
8970001
6743297
12628128
1515969
11490689
61485
4006929
2836950
12003082
105689
914689
13424706
5745061
461185
7429526
29274
4388161
6527377
1
904377
5140700
11791962
3880961
5023745
161241
332161
12422401
17714919
5949289
6189569
6859265
7048715
6693633
17066559
19083781
15997442
18227183
23705
1208695
20493981
4056833
13514295
583041
6284743
154625
1931521
15740944
21674333
6686003
22501707
719597
1390545
22762485
833409
5738649
3454593
9945080
5297537
29919327
7142337
19068929
12638721
1107969
23440457
464513
30301
24699638
3080193
20745
30880773
28254234
480513
5341697
14320750
5394410
40550164
19925
27421304
65823277
1487361
4281
127972210
80606705
201754471
-297
-114
-9
-280
-1
-56
-90
-11
-12
-296
-70
-267
-121
-227
-192
-143
-274
-153
-290
-123
-189
-36
-147
-229
-272
-31
-144
-245
-161
-71
-45
-225
-131
-49
-27
-228
-77
-283
-276
-260
-26
-265
-252
-235
-2
-254
-18
-202
-43
-10
-84
-149
-83
-129
-177
-221
-213
-122
-204
-173
-180
-4
-54
-237
-216
-30
-35
-61
-281
-32
-255
-211
-218
-52
-253
-190
-257
-291
-186
-169
-175
-206
-3
-34
-75
-139
-108
-217
-188
-142
-249
-55
-57
-207
-5
-170
-64
-133
-266
-95
-97
-197
-214
-38
-78
-28
-222
-148
-105
-135
-8
-53
-69
-134
-89
-176
-264
-300
-187
-198
-171
-262
-17
-80
-138
-24
-23
-248
-15
-284
-183
-106
-130
-200
-282
-157
-166
-140
-46
-6
-74
-63
-158
-20
-279
-205
-91
-127
-81
-203
-196
-167
-164
-209
-219
-115
-210
-120
-155
-224
-231
-298
-40
-7
-145
-14
-174
-42
-72
-243
-85
-33
-117
-160
-159
-13
-47
-16
-65
-93
-251
-234
-66
-156
-199
-128
-94
-141
-103
-48
-62
-102
-59
-98
-293
-19
-50
-39
-163
-242
-104
-182
-193
-261
-232
-185
-73
-107
-58
-150
-68
-269
-286
-181
-110
-246
-113
-119
-238
-244
-92
-124
-126
-278
-137
-67
-236
-99
-201
-184
-29
-136
-87
-76
-21
-230
-22
-146
-25
-100
-172
-289
-88
-277
-37
-96
-287
-86
-154
-132
-165
-258
-111
-285
-292
-275
-112
-178
-152
-215
-116
-299
-247
-101
-125
-179
-220
-271
-41
-288
-162
-118
-256
-295
-273
-195
-44
-51
-270
-239
-208
-79
-259
-212
-60
-241
-191
-194
-223
-250
-82
-109
-151
-294
-168
-240
-226
-268
-233
-263
